gene_name	Degree	log2FC	padj	pct	pct.dif	Degree_norm_0_100	pct.dif_norm_100	pct_norm_100	padj_log	padj_log_norm_100	log2FC_abs	log2FC_abs_norm_100	score_norm	TF
atic	1	1.00032653542543	6.90964772103984e-14	0.185	2.04395604395604	0	5.82020228954671	17.3154362416107	13.1591507069837	81.5782703386246	1.00032653542543	10.8812732567493	14.4493977658164	NO
BHLHE40	3	1.78002348361801	5.03151305187685e-14	0.063	3.55555555555556	9.52380952380952	11.0785224847312	0.939597315436242	13.2963890374948	82.591803947346	1.78002348361801	26.5044760160177	19.9012047323462	YES
CLOCKA	1	0.937727370522094	5.88936137736215e-39	0.542	1.69158878504673	0	4.59444119381574	65.2348993288591	15.653559774527	100	0.937727370522094	9.62694047000081	22.4320351240845	YES
clockb	4	0.797196201414861	3.38830890617058e-13	0.281	1.73006134969325	14.2857142857143	4.72827364221821	30.2013422818792	12.4697324915312	76.4867734570798	0.797196201414861	6.81104263424701	21.9212861447852	NO
CLOCKB	1	0.797196201414861	3.38830890617058e-13	0.281	1.73006134969325	0	4.72827364221821	30.2013422818792	12.4697324915312	76.4867734570798	0.797196201414861	6.81104263424701	14.778429001928	YES
ctnna2	15	-2.4055424878165	1.72360316046186e-23	0.088	0.370833333333333	66.6666666666667	0	4.29530201342282	15.6535597408153	99.9999997510317	2.4055424878165	39.0383332473722	51.2500377098117	NO
CUX2B	1	1.65664963347902	7.41846497263278e-38	0.174	3.30188679245283	0	10.1960985558566	15.8389261744966	15.653559774527	100	1.65664963347902	24.0323685127356	18.7584241553861	YES
E2F4	1	1.07664803619595	6.55798784671748e-28	0.324	1.96969696969697	0	5.56188122840864	35.9731543624161	15.6535597745257	99.9999999999905	1.07664803619595	12.4105677912394	19.2432004227568	YES
ESRRA	3	1.27463261551278	1.40626616639089e-10	0.108	2.3695652173913	9.52380952380952	6.95288146764476	6.97986577181208	9.85193178614483	57.1537708916744	1.27463261551278	16.3776901880187	15.6949308017985	YES
FOXO3B	2	1.14335410953193	2.99828408695324e-07	0.12	2.01666666666667	4.76190476190476	5.72527219555451	8.59060402684564	6.52312721988159	32.5698569646583	1.14335410953193	13.7471928882318	9.96006814036366	YES
FOXP1B	8	0.886052720679153	1.66958240978985e-55	0.722	1.58205689277899	33.3333333333333	4.21341847138923	89.3959731543624	15.653559774527	100	0.886052720679153	8.59150800629562	41.9417791206726	YES
gart	9	1.37588226045519	8.07508081859552e-32	0.229	2.5	38.0952380952381	7.40661795424899	23.2214765100671	15.653559774527	100	1.37588226045519	18.4064832157535	37.6769412576278	NO
gpm6ab	7	1.54332507475742	8.37202073218225e-16	0.095	3	28.5714285714286	9.14594115289846	5.23489932885906	14.9750028892966	94.9887163006944	1.54332507475742	21.7616240105077	30.6771118848342	NO
HLFA	6	3.19217667513831	2.28974519959185e-29	0.056	7.125	23.8095238095238	23.4953575417566	0	15.653559774527	99.9999999999997	3.19217667513831	54.8005411595487	34.191749242425	YES
hmx1	22	3.72233042106894	3.91924013204276e-110	0.152	11.7692307692308	100	39.6509941753662	12.8859060402685	15.653559774527	100	3.72233042106894	65.4235139510416	77.2450517708345	NO
HMX1	5	3.72233042106894	3.91924013204276e-110	0.152	11.7692307692308	19.047619047619	39.6509941753662	12.8859060402685	15.653559774527	100	3.72233042106894	65.4235139510416	36.7688612946441	YES
hmx4	22	3.1736120500897	8.16120399380194e-131	0.196	10.3684210526316	100	34.778072501417	18.7919463087248	15.653559774527	100	3.1736120500897	54.4285518860796	75.9998213370277	NO
HMX4	1	3.1736120500897	8.16120399380194e-131	0.196	10.3684210526316	0	34.778072501417	18.7919463087248	15.653559774527	100	3.1736120500897	54.4285518860796	25.9998213370277	YES
JUNBB	8	1.15486431777011	3.26556522147664e-10	0.113	2.28	33.3333333333333	6.64131574684322	7.6510067114094	9.4860413425716	54.4515938811389	1.15486431777011	13.9778290572246	27.0068848412437	YES
lap3	4	1.04199979069122	0.000898381235184935	0.062	2.17241379310345	14.2857142857143	6.26706137582348	0.805369127516778	3.04653932791829	6.89453244668134	1.04199979069122	11.7163024538822	10.3532653183451	NO
LHX9	2	1.40366631559021	2.53810873226629e-68	0.254	3.80597014925373	4.76190476190476	11.9496263089304	26.5771812080537	15.653559774527	100	1.40366631559021	18.9632071170787	22.0672042102102	YES
mmaa	4	1.29651539230258	9.97862210503434e-10	0.097	2.39024390243902	14.2857142857143	7.02481530088689	5.50335570469799	9.00092932735327	50.8689407725858	1.29651539230258	16.8161670340746	17.1695169943878	NO
MNTA	3	0.756961374348966	1.19589429924874e-09	0.215	1.77049180327869	9.52380952380952	4.86891689392436	21.3422818791946	8.92230712372585	50.2882994497765	0.756961374348966	6.00483598858586	15.0749465383399	YES
mtap	4	0.723253349893025	1.20410554411791e-07	0.205	1.70247933884298	14.2857142857143	4.63232557954365	20	6.91933544315852	35.495937082708	0.723253349893025	5.32941036083353	15.3250662707428	NO
MYB	2	2.13897419426558	4.63194274742488e-38	0.138	3.97142857142857	4.76190476190476	12.5251976531317	11.006711409396	15.653559774527	100	2.13897419426558	33.6969624635154	22.0345613217078	YES
MYBL1	3	1.77158612434861	3.10482255755263e-31	0.15	3.21276595744681	9.52380952380952	9.88607868423866	12.6174496644295	15.653559774527	100	1.77158612434861	26.3354121573939	23.3667723251625	YES
MYCN	2	1.39672475692443	7.82820853019604e-85	0.541	2.28691983122363	4.76190476190476	6.66538739279922	65.1006711409396	15.653559774527	100	1.39672475692443	18.8241154113176	26.2047241240844	YES
NR1D2A	7	2.07306692079119	7.87239089518766e-52	0.172	4.11904761904762	28.5714285714286	13.0387121213044	15.5704697986577	15.653559774527	100	2.07306692079119	32.3763433445258	34.4089049437753	YES
NR3C2	2	3.30953961618506	1.4269728946588e-43	0.085	7.16666666666667	4.76190476190476	23.640301141644	3.89261744966443	15.653559774527	100	3.30953961618506	57.1522048779304	25.4665928146072	YES
PAX6A	1	0.457281957340835	3.46436582928254e-58	0.768	1.91770573566085	0	5.38102210943777	95.5704697986577	15.653559774527	100	0.457281957340835	0	25.1189364885119	YES
PAX6B	1	2.14607628937002	3.01194075266857e-270	0.742	3.69651741293532	0	11.5688789420619	92.0805369127517	15.653559774527	100	2.14607628937002	33.8392709233464	29.68608584727	YES
pcca	10	0.720730178596129	3.08737711250713e-16	0.393	1.56972111553785	42.8571428571429	4.17050666433146	45.2348993288591	15.2750835547511	97.2048744150704	0.720730178596129	5.27885223455235	40.4147130089231	NO
polr1e	2	1.04473990008182	8.60568907364534e-13	0.177	2.02272727272727	4.76190476190476	5.74635490099267	16.241610738255	12.0651023066526	73.4984954013046	1.04473990008182	11.7712074842163	15.7881609465485	NO
raph1b	10	0.626541237404741	7.79382342387193e-16	0.408	1.59143968871595	42.8571428571429	4.24605790067193	47.248322147651	14.9993807263867	95.1687516968317	0.626541237404741	3.39153828606887	40.1854051824744	NO
RORB	1	4.4324727641356	0	0.63	16.6052631578947	0	56.4738408214128	77.0469798657718	15.653559774527	100	4.4324727641356	79.653014065658	39.1467293441053	YES
RREB1B	4	0.875484175365621	1.96302703532705e-15	0.278	1.77707006369427	14.2857142857143	4.89180033581951	29.7986577181208	14.6605343195832	92.6663005214875	0.875484175365621	8.37974043854179	24.1099195196033	YES
RXRAA	7	1.28249288762488	2.06943898613807e-149	0.552	3.43478260869565	28.5714285714286	10.6583961082458	66.5771812080537	15.653559774527	100	1.28249288762488	16.5351906441062	38.507060280765	YES
SI:CH211-117K10.3	3	1.04429109324161	1.58180276992243e-09	0.139	2.02898550724638	9.52380952380952	5.76812508595602	11.1409395973154	8.80084760732978	49.3912956644056	1.04429109324161	11.7622145026731	14.5197266181985	YES
SIX3A	4	1.48060409650503	1.86019017567034e-27	0.141	3.15555555555556	14.2857142857143	9.68706392581164	11.4093959731544	15.6535597745234	99.9999999999731	1.48060409650503	20.5048503848467	24.8430209283304	YES
SIX3B	4	2.53387409620869	3.1352958394555e-110	0.255	5.56521739130435	14.2857142857143	18.0694253894479	26.7114093959732	15.653559774527	100	2.53387409620869	41.6097819916336	30.441684239989	YES
smad1	4	2.80092704563687	0	0.801	4.03015075376884	14.2857142857143	12.7294713611712	100	15.653559774527	100	2.80092704563687	46.9608640832703	39.6041490734123	NO
SMAD5	2	0.879721901755588	4.61957520569708e-14	0.261	1.79452054794521	4.76190476190476	4.95250439999016	27.5167785234899	13.3333154782767	82.8645133911545	0.879721901755588	8.46465401782696	17.8557586725101	YES
SP4	4	1.03410881205695	2.782619929634e-18	0.248	1.9453125	14.2857142857143	5.47705628074723	25.7718120805369	15.6481511001837	99.960055815273	1.03410881205695	11.5581867148658	24.988746004285	YES
SREBF1	10	0.728881894162977	0.000462915719676512	0.127	1.75342465753425	42.8571428571429	4.80954632886829	9.53020134228188	3.3344980712091	9.02116764519633	0.728881894162977	5.44219249826888	25.0289599053984	YES
STAT1A	2	1.01987874489361	0.000878624070737153	0.07	2.08823529411765	4.76190476190476	5.97423414359649	1.87919463087248	3.05619690299965	6.96585564689264	1.01987874489361	11.2730512848937	5.64249434423429	YES
TCF7L1B	7	0.605116181591765	9.0662327557461e-28	0.615	1.54385964912281	28.5714285714286	4.08054376735791	75.0335570469799	15.6535597745252	99.9999999999869	0.605116181591765	2.96223303885622	37.0452560173619	YES
THRAA	6	1.06317173985279	2.48873896886127e-14	0.161	2.18918918918919	23.8095238095238	6.3254170469804	14.0939597315436	13.6001630716743	84.8352383577695	1.06317173985279	12.1405360683998	26.5791558053486	YES
THRAB	6	0.941033702662712	1.0191697726158e-35	0.426	1.94977168949772	23.8095238095238	5.49256822422835	49.6644295302013	15.653559774527	100	0.941033702662712	9.69319120695971	32.5110355249356	YES
THRB	7	0.602352332344008	4.85005654785946e-06	0.261	1.52325581395349	28.5714285714286	4.00887031037561	27.5167785234899	5.31425319781493	23.6420709335145	0.602352332344008	2.90685232036828	21.5450357966828	YES
tma16	2	0.690802836904753	0.00770939615931677	0.09	1.85714285714286	4.76190476190476	5.17034527027111	4.56375838926174	2.1129796368578	0	0.690802836904753	4.67918215969297	4.18261310835561	NO
ttyh3b	5	1.11525026097355	3.38691484202969e-51	0.505	1.89513108614232	19.047619047619	5.30249288621985	60.2684563758389	15.653559774527	100	1.11525026097355	13.1840611158667	31.8681858210502	NO
VSX1	2	4.01775358408636	9.6033423949171e-57	0.068	17.25	4.76190476190476	58.7166523144083	1.61073825503356	15.653559774527	100	4.01775358408636	71.3430651129445	31.3397593412507	YES
VSX2	2	5.4479164655567	0	0.494	29.1176470588235	4.76190476190476	100	58.7919463087248	15.653559774527	100	5.4479164655567	100	47.229945669543	YES
zcchc7	2	0.74907484311521	2.52728528771548e-31	0.518	1.6741935483871	4.76190476190476	4.53392931647955	62.013422818792	15.653559774527	100	0.74907484311521	5.84680936450083	23.9302225684239	NO
zic2b	10	0.656873915842075	1.18896342897727e-23	0.365	1.89637305699482	42.8571428571429	5.30681326365145	41.4765100671141	15.6535597512722	99.9999998282585	0.656873915842075	3.9993303090551	40.2764031120813	NO
ZIC2B	3	0.656873915842075	1.18896342897727e-23	0.365	1.89637305699482	9.52380952380952	5.30681326365145	41.4765100671141	15.6535597512722	99.9999998282585	0.656873915842075	3.9993303090551	23.6097364454146	YES
